>MA0139.1	CTCF
A  [    87    167    281     56      8    744     40    107    851      5    333     54     12     56    104    372     82    117    402 ]
C  [   291    145     49    800    903     13    528    433     11      0      3     12      0      8    733     13    482    322    181 ]
G  [    76    414    449     21      0     65    334     48     32    903    566    504    890    775      5    507    307     73    266 ]
T  [   459    187    134     36      2     91     11    324     18      3      9    341      8     71     67     17     37    396     59 ]

>MA0835.1	BATF3
A  [    40     23    396      1      0    429      1      8      0      6    420      5     18    357 ]
C  [    98     11     11      0      0      0    497      0      0    513      0     39    520     24 ]
G  [    30    777     20      0    776      0      0    746      2      2      0     27      7    147 ]
T  [   625     17      1    732      0      0      0      0    692      3      2    684     16     49 ]
