>MA0139.1	CTCF
A  [    87    167    281     56      8    744     40    107    851      5    333     54     12     56    104    372     82    117    402 ]
C  [   291    145     49    800    903     13    528    433     11      0      3     12      0      8    733     13    482    322    181 ]
G  [    76    414    449     21      0     65    334     48     32    903    566    504    890    775      5    507    307     73    266 ]
T  [   459    187    134     36      2     91     11    324     18      3      9    341      8     71     67     17     37    396     59 ]



>MA0462.1	BATFJUN
A  [  3082   4782   4519   8258      0      0  10522    586      0   1291  10264 ]
C  [   481    553    170   1478      0      0      0   5026      0   8590      0 ]
G  [  5136   2889   2219      0      0  10374      0   4910      0    641      0 ]
T  [  1823   2298   3614    786  10522    148      0      0  10522      0    258 ]


>MA0093.1	USF1
A  [     0     30      0      1      0      0      9 ]
C  [    30      0     28      0      1      0      2 ]
G  [     0      0      0     29      1     30     14 ]
T  [     0      0      2      0     28      0      5 ]
